28221000119103
1284000
122862008
15697961000119101
15697921000119106
15697841000119109
15698041000119102
15697801000119107
15697881000119104
15698001000119104
15697761000119104
301401000119106
301411000119109
301421000119102
301431000119104
301441000119108
301451000119105
301461000119107
301481000119103
301491000119100
301501000119107
301511000119105
301521000119103
301531000119100
301541000119109
301471000119101
302940000
301551000119106
301561000119108
301571000119102
301581000119104
301591000119101
301601000119108
301611000119106
301621000119104
301631000119101
301641000119105
301651000119107
301661000119109
301671000119103
301681000119100
275349007
15666761000119103
15666081000119105
15666601000119105
302071000119102
302081000119104
302091000119101
302101000119106
302111000119109
203417003
302121000119102
302131000119104
190645001
190646000
15687401000119108
15687721000119108
15687521000119100
15687761000119103
15687441000119105
15687641000119107
15687481000119100
15687801000119106
15687361000119104
15687601000119105
15687561000119105
15687681000119102
236547007
77016009
203468000
15717001000119109
15716881000119106
15716801000119103
15716761000119106
15716841000119101
15717041000119106
15716921000119104
15716961000119109
302161000119107
302171000119101
302181000119103
302191000119100
302201000119102
302211000119104
302221000119106
302231000119109
302241000119100
302251000119103
302261000119101
302271000119107
302281000119105
302291000119108
302301000119109
302311000119107
9631008
302411000119103
302421000119105
302401000119101
302431000119108
302441000119104
302451000119102
302461000119100
302471000119106
15726721000119108
15726681000119102
15726441000119105
15726521000119100
15726641000119107
15726801000119106
15726761000119103
15726481000119100
111227009
90242006
302481000119109
302491000119107
15726601000119105
302501000119100
302511000119102
302521000119109
302531000119107
302541000119103
87823004
302561000119104
302571000119105
15726561000119105
302581000119108
302591000119106
302601000119104
302611000119101
302621000119108
308591000119108
47049007
302551000119101
302631000119106
302641000119102
302651000119100
14363008
302661000119103
302671000119109
302681000119107
302691000119105
302701000119105
302711000119108
29321007
3723001
1679003
44531000119105
15692321000119108
15692201000119106
15692281000119103
17791000119102
15692241000119108
72781000119105
111246005
399269003
111214005
111215006
201731007
324301000119107
324311000119105
201727001
15729001000119106
15728961000119104
15728721000119107
15728481000119104
15728641000119106
15729721000119100
15726841000119108
15725521000119105
15729441000119103
15729521000119108
15725921000119100
427500003
15728841000119107
15728921000119109
15728761000119102
15728681000119101
15728601000119109
15729761000119105
15726921000119105
15725561000119100
15729561000119103
15729481000119108
15725841000119102
428671008
36941000119103
15728881000119102
15729041000119108
15728801000119105
15728361000119103
15728441000119109
15729801000119102
15726881000119103
15725601000119100
15729601000119103
15729641000119101
15725881000119107
429350001
79741000119108
428460002
53417006
15720081000119107
15720121000119109
15720401000119105
15719801000119107
15719881000119104
15720241000119106
15720161000119104
15720001000119104
15720361000119101
15719761000119104
15719921000119106
15720201000119109
84097002
15720041000119102
15719961000119101
15720321000119106
15719721000119109
15719841000119109
15720281000119101
15640291000119108
187431000119104
15640351000119108
427887006
51409009
202819003
311741000119102
311751000119100
147311000119109
97421000119109
15690161000119102
15686361000119101
15690201000119107
15690241000119109
15687881000119103
15690121000119107
15690361000119104
15690281000119104
15690321000119109
430904007
101411000119100
302981000119100
302991000119102
79214007
371189003
15683361000119109
15671921000119105
15745961000119107
371191006
15671801000119106
10155006
15675321000119106
15675521000119102
15729841000119100
15683241000119104
15683481000119108
15683921000119103
15740721000119107
313141000119102
313171000119109
313181000119107
313191000119105
313241000119105
313251000119107
15743161000119106
15667321000119107
15667441000119108
15718441000119100
113001000119106
15683281000119109
15676161000119105
15744081000119101
303011000119103
303041000119104
15674641000119105
15667041000119103
15743681000119106
15723641000119104
15742241000119107
15724561000119104
321121000119103
15743641000119101
15683841000119100
15700841000119102
15675081000119107
15669721000119100
15668521000119104
15668121000119106
15667961000119103
15668641000119106
15668281000119103
15665921000119100
15683201000119101
15675361000119101
15674841000119106
15674801000119109
15697241000119105
15745521000119107
15745801000119101
203465002
12584003
235231000119100
15715001000119101
15715121000119106
15715081000119109
15715041000119104
15714881000119103
15714841000119108
15714961000119100
15714921000119105
20243008
303071000119106
303081000119109
15713441000119108
60490008
15669681000119106
15671321000119109
15669641000119101
15671281000119104
15669601000119103
15671361000119104
30592006
84017003
15683121000119101
15683161000119106
15683321000119104
15683961000119108
303101000119102
303111000119104
303121000119106
303091000119107
303131000119109
303141000119100
95414005
15675561000119107
15675681000119104
15675721000119105
15676001000119105
15675761000119100
15675601000119107
15675641000119109
15675801000119108
15675841000119105
15675881000119100
15675921000119107
15675961000119102
308941000119107
308951000119109
303161000119101
303171000119107
308961000119106
308971000119100
303181000119105
303191000119108
303201000119106
303211000119109
308981000119102
303221000119102
308991000119104
309001000119104
303241000119108
309011000119101
309021000119108
309031000119106
303251000119105
303261000119107
303271000119101
303281000119103
309041000119102
309051000119100
202747007
202755000
202751009
31848007
202932007
15705761000119100
15705881000119100
15705681000119104
15705801000119108
15705641000119109
15705721000119105
15705841000119105
303441000119109
303451000119106
303461000119108
303471000119102
303481000119104
303491000119101
303501000119108
303511000119106
303521000119104
303531000119101
303541000119105
303551000119107
303561000119109
239832006
6858004
15688161000119103
15688201000119108
15688001000119103
15688041000119101
15687921000119105
15687961000119100
15688241000119105
15688081000119106
15688121000119108
50927007
15350006
303591000119102
425878001
202717005
202757008
202733008
202744000
298253002
312331000119104
202664003
202723000
11049006
54404000
72535009
417347005
202814008
200021000119109
202821008
321151000119106
387800004
65260001
111234006
71760005
17300000
202815009
305921000119105
202822001
312341000119108
318541000119102
319171000119107
425991004
426560005
321161000119108
321241000119101
321311000119108
239838005
15705321000119106
15705201000119109
15705361000119101
15705281000119101
15705241000119106
120451000119102
278715001
62501005
303841000119107
303851000119109
63198006
15720441000119107
15720481000119102
303871000119100
35908007
631000119102
129511000119105
306581000119109
304331000119108
45214008
15745041000119107
304361000119100
304371000119106
278860009
120601000119104
1121000119107
40970001
15696761000119101
15696721000119106
15695121000119101
15694441000119102
15694281000119108
15697001000119103
15694681000119105
15697041000119101
15695361000119109
15694081000119102
15694641000119100
15696481000119103
95425001
109315004
109316003
304541000119107
304551000119109
304561000119106
304571000119100
304581000119102
15696961000119103
304591000119104
15695401000119100
15694041000119107
15696521000119103
109697002
66634003
304601000119106
109320004
304621000119102
304631000119104
304641000119108
304651000119105
15696921000119108
304671000119101
15695321000119104
15694121000119100
15696561000119108
445063003
240152003
304531000119103
304611000119109
136791000119103
129501000119107
306571000119106
235087000
65976001
15673161000119103
15673121000119108
15673201000119108
81573002
304781000119108
304791000119106
304801000119107
304811000119105
304821000119103
304831000119100
304841000119109
304851000119106
304861000119108
304871000119102
304881000119104
304891000119101
304901000119102
304911000119104
304991000119108
305001000119102
8611000119100
268239009
15669481000119108
304921000119106
15669281000119109
304951000119103
15669001000119106
15669521000119108
305011000119104
304931000119109
15669241000119104
304961000119101
15669041000119108
15670401000119102
15669361000119109
15669561000119103
304981000119105
15669441000119103
15669321000119104
304971000119107
15669081000119103
15670441000119100
15669401000119100
15843004
109520000
109521001
81336004
73573004
93025007
8649001
444844007
427944007
15667721000119106
15669881000119105
15672121000119104
15671081000119105
15670601000119100
15670881000119107
15671761000119103
15670481000119105
15715321000119108
15670761000119107
15668161000119101
15668321000119108
15666921000119105
15667601000119108
15666961000119100
15667561000119108
15667001000119100
15667521000119103
305021000119106
305051000119103
305061000119101
305071000119107
305031000119109
305041000119100
305081000119105
15670361000119106
15741481000119109
15670321000119101
15741441000119104
15670281000119106
15741401000119101
15668721000119107
15668761000119102
15667841000119106
15668881000119102
15665041000119105
75511006
33322003
15668921000119109
15667921000119108
15668961000119104
15664961000119109
15668801000119105
15667881000119101
15668841000119107
15665001000119108
205043005
62667002
15670721000119102
15670041000119105
305091000119108
15667641000119105
15670681000119108
15669961000119108
305101000119103
15667681000119100
15670641000119103
15670001000119108
15670201000119103
15670161000119108
15670241000119101
17128000
13851000119109
38827001
68359008
71311003
305111000119100
305121000119107
305131000119105
305141000119101
305151000119104
15667761000119101
15669921000119103
15672081000119101
15671041000119100
15670521000119105
15666841000119108
15715401000119107
15670801000119104
15668361000119103
15672281000119107
15672361000119107
15670121000119103
15672321000119102
15670081000119100
11931000119106
305161000119102
305171000119108
305181000119106
305191000119109
23971000119101
18735004
5731000119108
20944008
15667801000119109
15669841000119100
15672041000119106
15671121000119107
15670561000119100
15666881000119103
15715361000119103
15670841000119102
15668401000119107
205045003
305251000119106
305221000119103
305271000119102
305261000119108
305241000119109
305231000119100
105986008
13236000
425871007
80712009
15720881000119100
205052001
305201000119107
15720841000119105
305211000119105
15720801000119108
268240006
276660001
398021003
108061000119104
15703561000119106
15721681000119105
15721561000119102
15721841000119104
15721721000119104
15721881000119109
15721601000119102
15721641000119100
15721921000119102
15721961000119107
7890003
445505000
15703521000119101
305431000119101
305441000119105
15721801000119101
305451000119107
305461000119109
305471000119103
305481000119100
305491000119102
305501000119109
202264009
15703481000119101
305511000119107
305521000119100
15721761000119109
305531000119102
305541000119106
305551000119108
305561000119105
305571000119104
305581000119101
67425005
64109004
55300003
417074000
57219006
15687161000119102
305611000119108
305621000119101
305631000119103
305641000119107
28861008
18834007
64217002
427525007
305661000119106
305681000119102
305671000119100
305691000119104
202941002
296111000119103
296131000119108
296151000119102
305701000119104
305721000119108
305711000119101
305731000119106
296121000119105
296141000119104
296161000119100
240138000
305741000119102
440214006
15744961000119106
15744441000119101
15744481000119106
69195002
26538006
60937000
68675004
79771000119101
19371000119107
19381000119105
295071000119101
4046000
305751000119100
305771000119109
305761000119103
305781000119107
297181000119107
305791000119105
297201000119108
305811000119109
297221000119104
305841000119108
37071000119109
305861000119107
305881000119103
305871000119101
305891000119100
297191000119105
305801000119106
297211000119106
305821000119102
297231000119101
305851000119105
396230008
239901009
296231000119103
15729201000119101
15729281000119109
15728401000119107
15726961000119100
15729361000119109
11221000119101
87001000119107
15729161000119106
15729241000119104
15728561000119109
15727001000119100
15729321000119104
41301000119105
15729121000119101
15729081000119103
15728521000119104
15727041000119103
15729401000119100
1086011000119106
305911000119103
62920004
111248006
62629000
58561002
33420007
302321000119100
302331000119102
302341000119106
302351000119108
302361000119105
302371000119104
302381000119101
302391000119103
413994008
46696008
2304001
305941000119104
15719561000119106
15719521000119101
15719481000119101
444578005
33308003
10597006
146241000119100
61296009
300161000119106
26077002
428778006
130731000119100
372109003
300431000119107
60492000
443700006
928000
296241000119107
300441000119103
426546008
12820001
19660004
68172002
31487001
240129002
53174001
22913005
240210004
14651005
15700881000119107
19441000119107
15700921000119100
15700961000119105
276720006
15725121000119103
15725321000119101
15725081000119100
15725241000119101
15725161000119108
15725281000119106
15725201000119103
15725361000119106
387637008
36662003
306841000119102
306851000119100
306861000119103
306871000119109
306881000119107
306891000119105
306901000119109
306911000119107
306921000119100
306931000119102
306941000119106
306951000119108
306961000119105
306971000119104
306981000119101
306991000119103
398114001
268274005
72181000119109
307001000119105
307011000119108
113351000119107
15691001000119108
15690961000119100
15691041000119105
15690761000119103
15690801000119106
15690841000119108
15690881000119103
15690921000119105
307081000119102
307091000119104
307101000119109
307111000119107
307121000119100
307131000119102
307141000119106
307151000119108
307161000119105
307171000119104
307181000119101
307191000119103
307201000119100
307211000119102
307221000119109
307231000119107
307241000119103
307261000119104
23680005
15724041000119109
15725001000119108
15724441000119104
15718641000119103
15718681000119108
15724641000119102
15724121000119102
15724801000119103
15724921000119104
15724401000119101
15718841000119102
15724001000119107
15725041000119105
15718561000119100
15724361000119105
15718601000119100
15724721000119101
15724161000119107
15724761000119106
15724881000119106
15724321000119100
15718881000119107
15724081000119104
15724961000119109
15718801000119104
15724281000119105
15718761000119107
15724681000119107
15724201000119102
15724601000119104
15724841000119101
15724241000119100
15718721000119102
95416007
254080004
85840009
201826000
307301000119107
416189003
247369005
239840000
15686641000119109
15686681000119104
15686881000119100
15686841000119105
15686801000119108
15686761000119100
15686921000119107
15686721000119105
307331000119100
307341000119109
307351000119106
307361000119108
307371000119102
307381000119104
307391000119101
307401000119104
307411000119101
307421000119108
307431000119106
307441000119102
307451000119100
307461000119103
307471000119109
307481000119107
36948007
24129002
15691401000119102
15691441000119100
15691481000119105
15691521000119105
15691561000119100
15691601000119100
15691641000119103
15691681000119108
24693007
203104007
254145001
15728201000119106
15728121000119106
15728241000119108
15728161000119101
15728081000119109
15728281000119103
15728321000119108
15725681000119108
69234007
307791000119102
307811000119103
307801000119101
307821000119105
307831000119108
307841000119104
307851000119102
307861000119100
307871000119106
307881000119109
307891000119107
307901000119106
307911000119109
307921000119102
307931000119104
307941000119108
307951000119105
15727361000119102
15727241000119107
15727281000119102
15727081000119108
15727321000119107
15727201000119105
15727161000119100
15727121000119105
307961000119107
307971000119101
307981000119103
307991000119100
308001000119109
308011000119107
308021000119100
308031000119102
308041000119106
308051000119108
308061000119105
308071000119104
308081000119101
308091000119103
203665007
308121000119104
308131000119101
308141000119105
20187005
308311000119109
15673561000119106
15673601000119106
15673641000119108
15673801000119107
15673681000119103
15673761000119104
15673721000119109
308351000119105
308361000119107
308371000119101
308381000119103
308391000119100
308401000119103
308411000119100
308431000119105
308441000119101
308451000119104
308461000119102
308471000119108
308481000119106
308491000119109
93459000
445008009
15741001000119107
15741201000119102
15723361000119107
15723521000119106
15723481000119106
15723321000119102
15723561000119101
15723401000119103
15741241000119100
15741161000119107
308611000119103
308621000119105
308631000119108
308641000119104
308651000119102
15741121000119102
308661000119100
15741081000119104
308691000119107
308701000119107
308711000119105
308721000119103
308731000119100
15741041000119109
308741000119109
15723441000119101
78435003
308601000119101
308671000119106
308681000119109
15695201000119101
15694001000119105
15696361000119102
15695241000119104
15693921000119104
15696401000119106
15695281000119109
15693961000119109
15696441000119108
72951007
239938009
308751000119106
308761000119108
308771000119102
205418005
239845005
239846006
239844009
81808003
15663721000119103
15664001000119107
15663801000119100
15663921000119101
15663761000119108
15663841000119103
15663961000119106
15663881000119108
299031000119102
299041000119106
299051000119108
299061000119105
299071000119104
299081000119101
299091000119103
299101000119108
76427005
299111000119106
299121000119104
299131000119101
299141000119105
299151000119107
299161000119109
299171000119103
299181000119100
324031000119103
18889005
69746005
80813006
99181000119109
323821000119107
85551004
17401000119104
15717281000119107
15717241000119102
444552001
445457002
15717201000119104
22006008
203357004
15698921000119107
203514008
205468002
444897001
444967008
309471000119100
309481000119102
309501000119106
309511000119109
309521000119102
309531000119104
309541000119108
309551000119105
309561000119107
309571000119101
309581000119103
309591000119100
309261000119105
309281000119101
309291000119103
309311000119104
309321000119106
309331000119109
309341000119100
309351000119103
309361000119101
309371000119107
309381000119105
309391000119108
309401000119105
309751000119102
309771000119106
309791000119107
309811000119106
309831000119101
309851000119107
309871000119103
309891000119102
309911000119100
309931000119105
309951000119104
309971000119108
309991000119109
310011000119106
310031000119101
310181000119104
310191000119101
310201000119103
310211000119100
310221000119107
310231000119105
310241000119101
310251000119104
310261000119102
310271000119108
310281000119106
310291000119109
310301000119105
310311000119108
310321000119101
297921000119106
3345002
203639008
15717961000119106
310361000119106
310371000119100
310381000119102
310391000119104
310411000119104
310401000119102
56731001
310421000119106
310431000119109
310441000119100
310451000119103
310461000119101
310471000119107
310481000119105
15722001000119103
15722041000119101
122482001
202756004
396234004
15690441000119105
15686401000119105
15690401000119108
15687241000119109
15689201000119103
15690521000119100
15686161000119104
15690481000119100
29689003
15674041000119103
15674081000119108
15673921000119106
15674241000119107
15673961000119101
15674281000119102
15674161000119100
15674121000119105
15673841000119109
15674001000119100
15674201000119105
15673881000119104
310581000119109
297691000119100
310591000119107
310601000119100
310611000119102
310621000119109
297701000119100
310631000119107
310641000119103
310651000119101
310661000119104
310671000119105
310681000119108
310691000119106
297721000119109
310701000119106
310711000119109
310721000119102
310731000119104
297731000119107
310741000119108
310751000119105
310761000119107
310771000119101
310781000119103
61126009
445473008
417373000
202649003
310791000119100
310801000119104
310811000119101
310821000119108
310831000119106
310841000119102
310851000119100
310861000119103
310871000119109
15746041000119102
15746121000119109
15746281000119101
15744401000119103
15745081000119102
15745121000119100
15745681000119105
67374007
15746001000119104
15746201000119109
15746321000119106
15744321000119102
15745721000119104
38253002
428358000
15746081000119107
15746161000119104
15746241000119106
15744361000119107
15745761000119109
310891000119105
310901000119109
310911000119107
310921000119100
310931000119102
310941000119106
310951000119108
310961000119105
310971000119104
310981000119101
310991000119103
311001000119102
311011000119104
311021000119106
311031000119109
300891000119108
300901000119107
55925001
15674401000119106
15674441000119108
15674481000119103
15674561000119108
15674601000119108
15674321000119107
15674521000119103
15674361000119102
311041000119100
311051000119103
311061000119101
311071000119107
311081000119105
311091000119108
311101000119103
311111000119100
311121000119107
311131000119105
311141000119101
311151000119104
311161000119102
311171000119108
311181000119106
36427004
34139004
41022003
73589001
240211000
15718321000119101
15718361000119106
15718401000119102
15726241000119109
15726001000119102
15725961000119105
15726081000119105
15726161000119102
15726121000119107
15726041000119100
15726201000119107
398993007
57676002
84445001
271771009
110288007
239805001
15688881000119104
15688921000119106
15688801000119107
15689001000119108
15688961000119101
15688761000119104
15688841000119109
311501000119109
311511000119107
311521000119100
311531000119102
311541000119106
311551000119108
311561000119105
311571000119104
311581000119101
311591000119103
311601000119105
311611000119108
311621000119101
311631000119103
311641000119107
311651000119109
239796000
311661000119106
311671000119100
410502007
300941000119109
300951000119106
300931000119100
300961000119108
300971000119102
300981000119104
300991000119101
301001000119100
301021000119109
301041000119103
301031000119107
301051000119101
301061000119104
301071000119105
301081000119108
301091000119106
301101000119101
311681000119102
311691000119104
311701000119104
311711000119101
311721000119108
311731000119106
19579005
15682201000119105
15682241000119107
15682281000119102
15682321000119107
15682361000119102
15682401000119106
15682441000119108
15682481000119103
15683001000119106
15682561000119108
15682161000119100
15682641000119105
15682681000119100
15682721000119106
15682761000119101
15682521000119103
15682801000119109
15682881000119101
15682841000119106
15682921000119108
15682961000119103
311861000119107
311871000119101
315511000119109
315521000119102
15682601000119108
15681801000119103
300911000119105
311781000119107
311761000119103
15681841000119101
311801000119106
311821000119102
15681881000119106
311841000119108
15681921000119104
311951000119102
311971000119106
15682121000119105
311881000119103
311891000119100
311901000119101
311911000119103
15681961000119109
15682001000119100
300921000119103
311791000119105
311771000119109
15682041000119103
311811000119109
311831000119104
15682081000119108
311851000119105
15683041000119108
311961000119100
311981000119109
15683081000119103
311921000119105
53406005
311931000119108
311941000119104
72047008
195363007
410795001
15689161000119108
15689121000119103
15689081000119100
15689041000119105
410797009
15722681000119103
15722721000119109
15722761000119104
15722801000119107
15722881000119104
15722921000119106
15722841000119109
15722641000119108
315491000119104
315501000119106
82304009
5601008
405773007
298393001
414564002
298493002
301111000119103
301121000119105
110318003
312401000119103
38494008
295091000119100
27911000
312881000119108
15683401000119100
301691000119102
321881000119107
302721000119101
15701241000119109
15740961000119104
15677641000119102
15671961000119100
303571000119103
15745921000119102
15671841000119108
305591000119103
308291000119105
15729921000119103
15740801000119105
312411000119100
313151000119100
15743241000119104
313531000119103
15667281000119102
15667481000119103
314591000119101
15718521000119105
317511000119102
317531000119107
322491000119101
15676121000119100
15744161000119109
15667081000119108
320021000119106
313541000119107
313561000119106
320281000119104
15742281000119102
15724481000119109
321131000119100
15700761000119107
15675121000119109
15669801000119102
15668481000119104
15668081000119109
15668001000119101
15668561000119109
15668201000119106
15666001000119102
318171000119100
323021000119103
15674761000119101
15697281000119100
15745561000119102
323801000119103
45939007
13211000119109
58961005
326861000119105
410016009
203435007
4231000119103
86261000119104
72239002
15671601000119105
15671481000119100
313261000119109
313271000119103
15671441000119105
313281000119100
313291000119102
15671401000119108
313301000119101
324791000119102
313201000119108
15671521000119100
313211000119106
313221000119104
15671561000119105
313231000119101
15727401000119106
15727601000119108
15727561000119108
15726281000119104
15727481000119103
15727681000119100
15727641000119105
15726401000119108
15725641000119103
2775001
445438006
313331000119108
313341000119104
313351000119102
15726361000119104
15727521000119103
313361000119100
313311000119103
313371000119106
313381000119109
313391000119107
313401000119109
313411000119107
313421000119100
15726321000119109
15727441000119108
313431000119102
313321000119105
313441000119106
313451000119108
313461000119105
202155009
61960001
279039007
7161000119107
73281000119109
313501000119105
313511000119108
202731005
202735001
202752002
279063004
312351000119105
313471000119104
202725007
318571000119109
128196005
417130004
202818006
202824000
321171000119102
12071000119102
239880009
67437007
305931000119108
312361000119107
313481000119101
62195001
318581000119107
46578006
2415007
321181000119104
321251000119104
123798002
48210000
370471003
146081000119104
196138005
196133001
33937009
19410003
15672161000119109
15671641000119107
15672241000119102
15671721000119108
15672201000119104
15671681000119102
109516004
4530000
46041001
98501000119103
109500001
109502009
109504005
109684004
15748241000119105
15748041000119101
15748281000119100
15744681000119109
15744001000119109
15744841000119103
15748201000119108
15744521000119106
15748361000119100
15748161000119103
15748121000119108
15744721000119103
15743921000119103
15744801000119100
15748081000119106
15744601000119101
15748321000119105
15747921000119105
15748001000119103
15744641000119104
15743961000119108
15744761000119108
15747961000119100
15744561000119101
444905003
15747521000119100
15747481000119100
15747561000119105
141731000119108
279040009
109522008
239928004
398049005
201799006
313591000119104
313601000119106
324131000119102
313611000119109
313621000119102
313631000119104
313641000119108
313651000119105
313661000119107
313671000119101
324141000119106
313681000119103
313691000119100
313701000119100
313711000119102
313721000119109
89859004
15718281000119106
15718041000119105
15718081000119100
15718121000119103
15718161000119108
15718201000119103
15718241000119101
15718001000119108
307641000119100
307651000119103
307661000119101
307671000119107
307681000119105
307691000119108
307701000119108
307711000119106
307721000119104
307731000119101
307741000119105
307751000119107
307761000119109
307771000119103
307781000119100
111210001
254044004
59708000
35678005
202510005
88092000
15704401000119106
15704241000119107
15704201000119105
15704361000119102
15704441000119108
15704321000119107
15704281000119102
313781000119108
313791000119106
313801000119107
313811000119105
313821000119103
313831000119100
313841000119109
313861000119108
313871000119102
313881000119104
313891000119101
313901000119102
313911000119104
313921000119106
313931000119109
55033002
15704121000119105
15704081000119108
15704041000119103
15703841000119109
15703801000119107
15703761000119104
15704161000119100
15703881000119104
15703921000119106
305281000119104
305291000119101
15703961000119101
305301000119100
305311000119102
305321000119109
305331000119107
305341000119103
305351000119101
305361000119104
305371000119105
15704001000119100
305381000119108
305391000119106
305401000119108
305411000119106
305421000119104
80449002
15747761000119103
15747721000119108
15747641000119107
15747681000119102
15747601000119105
15747441000119105
68962001
15748401000119109
15748441000119106
15748481000119101
100211000119106
301000119104
26544005
44551007
111235007
400148004
279069000
319201000119106
113611000119100
41321000119101
73341000119105
93611000119108
193248005
193250002
193252005
26889001
15677441000119104
15677401000119101
15677361000119105
15677321000119100
15677281000119105
15677241000119100
15677201000119102
15677161000119107
15676641000119100
15677081000119104
15677481000119109
15677121000119102
15677001000119107
15676961000119107
15676921000119102
15676881000119109
15676841000119104
15676801000119101
15676761000119109
15676721000119104
15676681000119105
15677041000119109
15677521000119109
15677561000119104
240123001
303291000119100
303301000119104
303311000119101
303321000119108
303331000119106
303341000119102
303351000119100
303361000119103
303371000119109
303381000119107
303391000119105
303401000119107
303411000119105
303421000119103
303431000119100
313971000119107
313981000119105
313991000119108
314001000119100
314011000119102
314021000119109
314031000119107
314041000119103
314051000119101
314061000119104
314071000119105
314081000119108
314091000119106
314101000119101
314111000119103
314121000119105
314131000119108
314141000119104
314151000119102
314161000119100
314171000119106
15672721000119103
15672641000119104
15672601000119101
15672561000119101
15672681000119109
15672761000119108
15672801000119100
15672841000119103
15672401000119103
15672441000119101
15672481000119106
15672521000119106
22199006
81680005
52486002
4141000119104
314331000119105
424114000
295101000119105
72274001
16269008
15740881000119102
15740841000119107
84299009
141481000119102
16931000119102
203662005
314341000119101
314351000119104
314361000119102
314371000119108
314381000119106
314391000119109
314401000119106
247398009
166631000119101
90392009
400138001
95413004
268002004
15745401000119104
15745161000119105
15744281000119107
15745441000119102
15745241000119103
15744241000119102
15745481000119107
15745201000119100
15744201000119104
203695004
203694000
203697007
203703008
203698002
203696003
426082005
15728041000119104
15728001000119101
15727961000119103
15727921000119108
15727841000119106
15727881000119101
98711000119106
15714761000119103
15714801000119106
314441000119108
314431000119104
314421000119102
314411000119109
123541000119106
298341000119100
15700481000119105
15700521000119105
15700561000119100
15700601000119100
15700721000119102
15700401000119102
15700681000119108
314451000119105
15700641000119103
314461000119107
314471000119101
314481000119103
314571000119102
314491000119100
314501000119107
314511000119105
15700441000119100
314521000119103
314531000119100
314541000119109
314551000119106
314561000119108
314581000119104
15701041000119100
15701081000119105
29191005
15701121000119107
15704921000119108
15705001000119104
15705041000119102
15705081000119107
15705121000119109
15704961000119103
15705161000119104
15704841000119106
320521000119100
15704881000119101
320531000119102
320541000119106
320551000119108
320561000119105
320571000119104
320581000119101
320591000119103
15704801000119109
320601000119105
320611000119108
320621000119101
320631000119103
320641000119107
320651000119109
15701881000119103
15701841000119108
15701761000119103
15701721000119108
15701681000119102
15701641000119107
15701601000119105
15701561000119105
15701321000119109
15701481000119100
15701441000119105
15701361000119104
15701521000119100
15701281000119104
15701401000119108
15701921000119105
15703161000119103
15702641000119104
15702681000119109
15702721000119103
15702761000119108
15702801000119100
15703201000119108
15702881000119108
15702601000119101
15702961000119106
15703001000119103
15703041000119101
15702561000119101
15703081000119106
15701801000119106
15703121000119108
15702001000119109
15702921000119101
15702841000119103
15702521000119106
15702481000119106
15702441000119101
15702401000119103
15702361000119107
15702321000119102
15702281000119107
15703241000119105
15702241000119102
15701961000119100
15702201000119104
15702161000119109
15702121000119104
15702081000119101
15702041000119106
305951000119102
312371000119101
319181000119105
8281000119109
321201000119103
321271000119108
321321000119101
268267000
88661000119102
15720641000119109
15719601000119106
15720601000119107
15719681000119103
15720561000119107
15719641000119108
15721321000119103
15721481000119107
15721361000119108
15721401000119104
15721441000119102
15721281000119108
15721521000119107
15725401000119102
15725481000119105
15725441000119100
314611000119106
314621000119104
314631000119101
314641000119105
314651000119107
91222009
203489009
2089002
203356008
15718921000119100
15719161000119103
15719081000119106
15719121000119108
15718961000119105
15719001000119103
15719041000119101
315001000119104
314691000119102
315011000119101
314701000119102
315021000119108
314711000119104
315031000119106
314721000119106
315041000119102
314731000119109
315051000119100
314741000119100
315061000119103
314751000119103
314881000119101
314771000119107
314891000119103
314781000119105
314901000119104
314791000119108
314911000119101
314801000119109
314921000119108
314811000119107
314931000119106
314821000119100
314941000119102
314831000119102
314951000119100
314841000119106
314961000119103
15698241000119106
15698121000119109
15698401000119105
15698281000119101
15698081000119107
15698361000119101
7127005
15698201000119109
15698161000119104
15698321000119106
396275006
15722961000119101
15722481000119101
15686081000119107
112971000119109
113031000119104
112961000119103
113011000119109
112991000119105
112981000119107
113041000119108
113021000119102
15722561000119106
303001000119101
323161000119107
15722441000119106
15686121000119109
268054009
323171000119101
15722521000119101
15686041000119102
70736000
82562007
15717401000119103
15717441000119101
15717361000119107
15717561000119101
15717601000119101
15717521000119106
15717481000119106
15717321000119102
315151000119101
315161000119104
315141000119103
315171000119105
315181000119108
315191000119106
315201000119109
315111000119102
315211000119107
315221000119100
315121000119109
315231000119102
315241000119106
315251000119108
315261000119105
240190009
315271000119104
77881008
12010005
78314001
60168000
428783003
15696841000119106
15696801000119109
15695161000119106
15698441000119107
15694601000119102
15694481000119107
15694401000119104
15697081000119106
15697201000119108
15695521000119108
15694201000119100
15696881000119101
15696681000119100
315681000119104
315691000119101
95423008
109303003
109304009
15694521000119107
15694321000119103
15697161000119103
15695481000119108
15694161000119105
15696601000119108
315701000119101
315711000119103
109695005
81891000119100
91538002
109308007
315721000119105
15694561000119102
15694361000119108
15697121000119108
15695441000119103
15694241000119103
15696641000119105
315731000119108
315741000119104
315751000119102
203241002
79191000119101
203284001
312894000
1926006
296931000119106
316551000119104
316561000119102
316571000119108
316581000119106
316591000119109
316601000119102
316611000119104
316621000119106
316631000119109
316641000119100
316651000119103
316661000119101
316671000119107
316681000119105
316691000119108
316701000119108
316711000119106
64859006
91781000119106
203351003
15719401000119109
15719281000119100
15719361000119100
15719441000119106
15719321000119105
15719241000119105
15719201000119108
15743601000119103
85641000119109
316721000119104
287045000
316731000119101
316741000119105
316751000119107
316761000119109
316771000119103
316781000119100
316791000119102
287047008
316801000119101
316811000119103
316821000119105
316831000119108
316841000119104
316851000119102
316861000119100
287046004
316871000119106
316881000119109
316891000119107
316901000119106
316911000119109
316921000119102
316931000119104
287048003
316941000119108
316951000119105
316961000119107
316971000119101
316981000119103
316991000119100
34789001
267981009
50442003
317001000119107
317011000119105
317021000119103
317031000119100
317041000119109
317051000119106
317061000119108
202465007
317071000119102
317081000119104
317091000119101
317101000119106
317111000119109
317121000119102
317131000119104
87031000119100
22125009
60033003
317151000119105
317161000119107
317171000119101
202770004
317181000119103
317191000119100
317211000119104
317201000119102
203033005
15707161000119107
15707041000119109
15707001000119107
15707201000119102
15706921000119102
15706561000119102
15706841000119104
15705921000119107
317221000119106
15706521000119107
317231000119109
317241000119100
317251000119103
317261000119101
317271000119107
317281000119105
317291000119108
317301000119109
15707241000119100
317311000119107
317321000119100
317331000119102
317341000119106
317351000119108
317361000119105
15706601000119102
15706241000119103
15706361000119108
15706401000119104
15706201000119100
15706481000119107
15706441000119102
15706801000119101
15706641000119100
15706681000119105
15706721000119104
15706761000119109
15707081000119104
15707121000119102
15706961000119107
15706881000119109
15706281000119108
15705961000119102
15706001000119105
15706041000119107
15706081000119102
15706121000119100
15706161000119105
15706321000119103
18231007
317371000119104
317381000119101
317391000119103
317401000119101
317411000119103
317421000119105
317431000119108
317441000119104
317451000119102
317461000119100
317471000119106
317481000119109
317491000119107
317501000119100
15720721000119105
15720681000119104
15720761000119100
96591000119108
80406003
74391003
15688481000119101
15688521000119101
15688561000119106
15688601000119106
15688721000119109
15688641000119108
15688441000119106
15688681000119103
317551000119101
317561000119104
317571000119105
317581000119108
317591000119106
317601000119104
317611000119101
317621000119108
317631000119106
317641000119102
317651000119100
317661000119103
317671000119109
317681000119107
317691000119105
38774000
391987005
429275000
317701000119105
50921008
15697721000119109
317711000119108
317721000119101
317731000119103
41910004
15684441000119101
15684401000119103
15685001000119105
15684761000119108
15684281000119107
15684161000119109
15684601000119101
15684001000119109
15684841000119103
15684361000119107
15684961000119106
15684521000119106
15684721000119103
15684241000119102
15684201000119104
15684681000119109
15684081000119101
15684881000119108
16594005
15684561000119101
15685041000119107
15684481000119106
15684801000119100
15684321000119102
15684121000119104
15684641000119104
15684041000119106
15684921000119101
111239001
317741000119107
317751000119109
22841008
95412009
15664081000119104
15664921000119104
15664561000119104
15664761000119106
15664481000119109
15664521000119109
15664641000119102
15664681000119107
15664601000119104
323581000119108
323591000119106
15664801000119103
323601000119104
323611000119101
323621000119108
15664841000119101
323631000119106
323641000119102
323651000119100
323661000119103
15664881000119106
323671000119109
323681000119107
323691000119105
15664721000119101
323701000119105
323711000119108
21850008
7603007
15723961000119106
317761000119106
317771000119100
36309003
201467001
15689241000119101
15689401000119102
15689481000119105
15689281000119106
15689361000119106
15689321000119101
15689521000119105
15689441000119100
317781000119102
317791000119104
317801000119103
317811000119100
317821000119107
317831000119105
317841000119101
317851000119104
317861000119102
317871000119108
317881000119106
317891000119109
317901000119108
317911000119106
317921000119104
38371006
155441006
36186002
445479007
367506006
15666401000119108
15666201000119107
15666441000119105
15666161000119102
15666361000119104
15666121000119107
65323003
31384009
317941000119105
317951000119107
322461000119108
193177003
193178008
193180002
36517007
84598000
66783006
56528004
318011000119109
318021000119102
318031000119104
318041000119108
318051000119105
318061000119107
318071000119101
318081000119103
318091000119100
318101000119105
318111000119108
318121000119101
318131000119103
318141000119107
318151000119109
239789002
203631006
203635002
27151001
240033006
15690601000119105
15690721000119108
15687281000119104
15690561000119105
15690641000119107
15686201000119109
15690681000119102
318161000119106
102447009
80116000
105151000119105
111265002
318381000119100
318471000119105
15722401000119109
15722361000119100
15722601000119106
15723281000119107
15722321000119105
318421000119109
318431000119107
323181000119103
318441000119103
323201000119102
323211000119104
318451000119101
318461000119104
323191000119100
318481000119108
318491000119106
323221000119106
323231000119109
318501000119104
318511000119101
318601000119103
318611000119100
309761000119100
309781000119109
309801000119108
309821000119104
309841000119105
309861000119109
309881000119100
309901000119103
309921000119107
309941000119101
309961000119102
309981000119106
310001000119108
310021000119104
310041000119105
310081000119100
310071000119103
310341000119107
323291000119108
323301000119109
323311000119107
323321000119100
323251000119103
323261000119101
318641000119101
318651000119104
318661000119102
318671000119108
318681000119106
318691000119109
318701000119109
318711000119107
318721000119100
318731000119102
318761000119105
20980008
82725007
444133002
240215009
202708005
240216005
5187006
203057005
318771000119104
318781000119101
190643008
27837003
24761000119107
310491000119108
310501000119101
310511000119103
310521000119105
310531000119108
310541000119104
310551000119102
310561000119100
310571000119106
21794005
203630007
11679003
69071001
15708881000119105
15709001000119101
15708961000119108
15709041000119104
15709081000119109
15708801000119102
15708761000119105
15708721000119100
15708921000119103
15708841000119100
319211000119109
319221000119102
319231000119104
319241000119108
319251000119105
319261000119107
319271000119101
319281000119103
319291000119100
319301000119104
319311000119101
319321000119108
319331000119106
319341000119102
319351000119100
319361000119103
319371000119109
319381000119107
319401000119107
319411000119105
319421000119103
319391000119105
297321000119105
319431000119100
319441000119109
319451000119106
319481000119104
319461000119108
319471000119102
319491000119101
319501000119108
33760009
72275000
3961000119101
445345005
15704681000119100
15704521000119103
15704761000119101
15704721000119106
15704601000119108
15704641000119105
15704561000119108
15704481000119103
301161000119100
301171000119106
301181000119109
301191000119107
301201000119105
301211000119108
301221000119101
301231000119103
301151000119102
301241000119107
301251000119109
301261000119106
301271000119100
301281000119102
301291000119104
301301000119103
301311000119100
203506002
6058003
28801006
319661000119105
240131006
69896004
15691721000119102
15686321000119106
15686281000119101
15687321000119109
15687841000119108
15687201000119107
15686241000119106
15685921000119102
15691761000119107
15686001000119104
15685961000119107
239793008
319831000119103
201788009
15683601000119103
15683641000119101
15683721000119100
15683561000119103
15683761000119105
15683801000119102
15683521000119108
15683681000119106
319671000119104
319681000119101
319691000119103
319701000119103
319711000119100
319721000119107
319731000119105
319741000119101
319751000119104
319761000119102
319771000119108
319781000119106
319791000119109
319801000119105
319811000119108
319821000119101
54867000
398726004
319851000119109
319861000119106
319871000119100
319881000119102
319891000119104
319901000119100
319911000119102
319921000119109
319931000119107
319941000119103
319951000119101
319961000119104
319971000119105
319981000119108
319991000119106
320001000119102
15673441000119106
15673361000119100
15673481000119101
15673521000119101
15673401000119109
15673241000119105
15673321000119105
15673281000119100
398640008
400054000
417242001
15683441000119103
301701000119102
302741000119107
15701161000119102
15740921000119109
15677601000119104
15672001000119109
303581000119100
15745881000119109
15671881000119103
305601000119105
308301000119106
15729881000119105
15740761000119102
312421000119107
313161000119103
15743201000119101
313521000119101
15667201000119105
15667401000119106
314601000119108
15718481000119105
317521000119109
317541000119103
322501000119108
15676081000119102
15744121000119104
15667121000119105
320031000119109
313551000119109
313571000119100
320291000119101
15742321000119107
15724521000119109
321141000119109
15700801000119104
15675041000119102
15669761000119105
15668441000119109
15668041000119104
15668681000119101
15668601000119109
15668241000119108
15665961000119105
318181000119102
323031000119100
15674721000119106
15697321000119105
15745601000119102
323811000119100
4602007
15723601000119101
205425003
128197001
305961000119100
319191000119108
321071000119103
321211000119100
321281000119106
321331000119103
83015004
230314007
95323007
89681000119101
298382003
47518006
3161000119103
114891000119106
60738003
15699881000119108
15699481000119106
15699521000119106
15699561000119101
15699601000119101
15699641000119104
15699681000119109
15699721000119103
15699761000119108
15699841000119103
15699441000119101
15699801000119100
15700201000119103
15700321000119101
15700361000119106
15700281000119106
15700241000119101
15700161000119108
15700121000119103
15700081000119100
15699961000119106
15700001000119108
15700041000119105
15699921000119101
443524000
15723001000119109
15723161000119109
15723041000119106
15723081000119101
15723121000119104
15723201000119104
15723241000119102
320321000119109
320331000119107
320341000119103
320351000119101
320361000119104
320371000119105
320381000119108
320391000119106
320401000119108
320411000119106
320301000119100
15722121000119108
15722081000119106
320431000119101
320441000119105
15722201000119108
15722161000119103
320461000119109
320481000119100
15722241000119105
15722281000119100
320491000119102
320501000119109
37605006
18040001
116441000119107
15715441000119109
15715561000119109
15715721000119107
109340006
15715481000119104
15715601000119109
15715761000119102
109345001
15715521000119104
15715641000119106
15715681000119101
109341005
123551000119108
399112009
15691201000119103
15691121000119103
15691081000119100
15691161000119108
15691361000119106
15691241000119101
15691281000119106
15691321000119101
319011000119103
319021000119105
319031000119108
319041000119104
319051000119102
319061000119100
319071000119106
319081000119109
319091000119107
319101000119102
319111000119104
319121000119106
319131000119109
319141000119100
319151000119103
319161000119101
71851000119104
239791005
15691961000119105
15692001000119101
15691801000119104
15691921000119100
15691881000119107
15691841000119102
15692041000119104
318841000119100
318851000119103
318861000119101
318871000119107
318881000119105
318891000119108
318901000119107
318911000119105
318921000119103
318931000119100
318941000119109
318951000119106
318961000119108
318971000119102
74773005
254050009
255581000119100
240168009
15717881000119108
15717681000119109
15717721000119103
15717641000119104
15717801000119100
15717841000119103
15717761000119108
15717921000119101
320691000119104
320701000119104
320711000119101
320721000119108
320731000119106
320741000119102
320751000119100
320761000119103
320771000119109
320781000119107
320791000119105
320801000119106
320811000119109
320821000119102
320831000119104
323371000119104
298349001
203467005
320841000119108
320851000119105
320861000119107
320871000119101
320881000119103
320891000119100
320901000119101
320911000119103
320921000119105
320931000119108
320941000119104
320951000119102
320961000119100
320971000119106
47135001
15745361000119108
15748641000119108
15745281000119108
15748721000119109
15745321000119103
15748681000119103
45352006
203095000
42812006
76916001
71286001
249491000119100
10317009
321021000119104
320981000119109
320991000119107
321001000119108
321011000119106
321031000119101
321041000119105
321051000119107
321061000119109
240220009
76107001
83561009
9971000119105
9981000119108
321091000119102
18347007
100491000119103
141491000119104
321101000119107
41341006
100511000119108
321111000119105
254062008
278713008
51952004
321191000119101
240221008
445018004
321261000119102
8847002
79232007
68859000
415574006
321351000119109
321361000119106
321371000119100
321381000119102
321391000119104
321401000119102
321411000119104
321421000119106
321431000119109
321441000119100
321451000119103
321461000119101
321471000119107
321481000119105
321491000119108
415575007
321501000119101
321511000119103
321521000119105
321531000119108
321541000119104
321551000119102
321561000119100
321571000119106
321581000119109
321591000119107
321601000119100
321611000119102
321621000119109
321631000119107
321641000119103
111820003
201466005
15690081000119105
15690041000119100
15689801000119104
15690001000119102
15689961000119105
15689921000119100
15689881000119107
15689841000119102
321651000119101
321661000119104
321671000119105
321681000119108
321691000119106
321701000119106
321711000119109
321721000119102
321731000119104
321741000119108
321751000119105
321761000119107
321771000119101
321781000119103
321791000119100
444879009
371000119109
445100000
40308000
78675000
161882006
15745001000119105
15745841000119104
15744881000119108
15744041000119106
15745641000119100
321891000119105
321901000119109
321911000119107
321921000119100
321931000119102
321941000119106
321951000119108
321801000119104
321811000119101
321821000119108
321831000119106
321841000119102
321851000119100
321861000119103
321871000119109
410794002
51646002
15689561000119100
15689721000119102
15689641000119103
15689761000119107
15689681000119108
15689601000119100
23008004
60140004
33719002
87294007
430938004
15713401000119106
322211000119109
322201000119106
15742641000119105
15742561000119108
15742801000119109
15742721000119106
15742521000119103
15742841000119106
15742681000119100
15742601000119108
15742761000119101
308531000119109
308541000119100
308551000119103
308561000119101
308571000119107
308581000119105
240205003
322221000119102
427518000
322231000119104
427681009
240206002
15723881000119108
15723841000119103
15723801000119100
15723761000119108
15723721000119103
15723681000119109
15723921000119101
322271000119101
322281000119103
322291000119100
322301000119104
322311000119101
322321000119108
322331000119106
322351000119100
322361000119103
322371000119109
322381000119107
322391000119105
322401000119107
322411000119105
322421000119103
202574006
416209007
15687081000119105
15687121000119107
15687041000119100
15687001000119102
15686961000119102
55464009
68815009
69251000119107
295121000119101
295111000119108
15688401000119109
15688361000119100
15688281000119100
15688321000119105
312121000119104
311991000119107
312001000119109
312011000119107
312031000119102
312041000119106
312051000119108
312061000119105
312071000119104
312081000119101
312091000119103
312111000119106
312131000119101
312141000119105
312021000119100
312101000119108
89155008
201443009
34840004
15697681000119103
15675401000119105
15676361000119108
15674681000119100
15676561000119102
15676481000119107
15674881000119101
15674961000119103
15676241000119103
15675241000119106
15697601000119106
15676281000119108
15675481000119102
15676601000119102
15676401000119104
15674921000119108
15675201000119109
15697641000119108
15676321000119103
15675441000119107
15676521000119107
15676441000119102
15675001000119104
15675281000119101
15701001000119102
15701201000119107
15703601000119106
15703641000119108
15703681000119103
15698521000119102
15698481000119102
15698561000119107
15698601000119107
15698641000119109
15698681000119104
15698721000119105
15698761000119100
67801009
15676201000119100
15675161000119104
15676041000119107
29352008
279038004
202730006
202734002
202748002
298254008
311231000119100
312381000119103
24991000119103
58856009
202724006
318551000119100
2169001
42452002
417455002
73271000119106
202816005
202823006
321221000119107
321291000119109
387802007
10948005
72992003
322471000119102
322481000119104
202817001
305971000119106
312391000119100
313491000119103
318561000119103
318591000119105
77841000119108
321081000119100
321231000119105
321301000119105
321341000119107
99851000119108
70070008
6011000119108
202924004
15686441000119107
15686561000119107
322541000119105
15686601000119107
322621000119100
15686521000119102
25201000119104
15669201000119101
15669161000119106
15669121000119101
58188004
303021000119105
303031000119108
322671000119104
322691000119103
322701000119103
322711000119100
322721000119107
201940003
322741000119101
322751000119104
322761000119102
322771000119108
322781000119106
322791000119109
322661000119105
322681000119101
322731000119105
428144009
322801000119105
322811000119108
322821000119101
322831000119103
70917000
15707321000119100
15707361000119105
15707281000119105
15707401000119101
15707441000119104
15707481000119109
15707561000119104
15707521000119109
314181000119109
314191000119107
314201000119105
314211000119108
314221000119101
314231000119103
314241000119107
314251000119109
314261000119106
314271000119100
314281000119102
314291000119104
314301000119103
314311000119100
314321000119107
322841000119107
322851000119109
111232005
322861000119106
322871000119100
82203000
15703361000119100
15703441000119106
15703321000119105
15703401000119109
322891000119104
322901000119100
322911000119102
322921000119109
322951000119101
322961000119104
322971000119105
322981000119108
323001000119107
323011000119105
38279006
35984006
190710003
396347007
239918008
416956002
85611000119105
220000
86219005
323541000119103
323551000119101
87381000119101
95411002
202432004
87021000119103
41271000119108
47434006
228158008
92341000119107
323721000119101
323731000119103
323741000119107
323751000119109
323761000119106
323771000119100
89874002
103311000119108